[AREA OF INTEREST]
minimum_longitude = 3.2558998675537105
minimum_latitude = 47.36254089577267
maximum_longitude = 3.301390132446289
maximum_latitude = 47.37163871192848
only_intersecting_aerial_shots = true
